
13810755648
13818668630
13967481888
15811276936
18071085918
18268197297
18610025360
18616587921
13466353840
13488720859
13488756495
13501169859
13510150690
13515815820
13581924466
13588291730
13683682417
13718808950
13728664681
13801011286
13810335411
13811148275
13816147688
13893265333
13905798228
13905899551
13910103025
13911239779
13911782552
15099976736
15210337127
15801401348
15801454407
15810633120
15858961333
15867983321
18101035156
18210527093
18600037512
18600137140
18600256606
18600506698
18600919316
18600951182
18610550983
18610664585
18610810334
18610821752
18611406179
18611698426
18611723422
18612717281
18612852596
18618376749
18667106732
18805791212
18901336053
18918137812
18942660146
13717946185
13761143236
13801037531
13810027428
13967433788
18605890909
